17
149  269  339  72
149  269  328  488
328  488  670  569
670  569  846  272
846  272  943  223
728  41  943  223
339  72  728  41
339  72  412  170
322  260  412  170
156  272  322  260
156  272  334  342
334  342  550  368
550  368  667  555
435  177  667  555
435  177  607  233
607  233  638  56
638  56  836  266

p1 = Point(0,0)
p2 = Point(10,-30)
p3 = Point(18,75)
p4 = Point(15,-15)
p5 = Point(22,30)
p6 = Point(30,65)
p7 = Point(50,-20)
p8 = Point(60,50)
p9 = Point(65,-50)
p10 = Point(70,100)
p11 = Point(85,15)
p12 = Point(100,55)
