90
119  149  243  458
243  458  571  362
469  72  571  362
119  149  469  72
739  279  950  99
950  99  1018  211
1018  211  1045  377
836  423  1045  377
739  279  836  423
546  477  546  477
546  477  620  324
620  324  748  388
748  388  805  521
668  559  805  521
560  562  668  559
546  477  560  562
260  566  260  566
260  566  411  459
411  459  503  601
503  601  557  654
557  654  682  607
682  607  785  595
785  595  811  656
808  698  811  656
696  740  808  698
613  763  696  740
440  697  613  763
358  698  440  697
257  764  358  698
122  707  257  764
105  603  122  707
105  479  105  603
55  440  105  479
52  345  55  440
52  345  132  345
132  345  260  566
582  72  643  71
547  244  582  72
547  244  653  275
653  275  701  328
701  328  721  300
714  251  721  300
714  251  766  235
766  235  878  115
840  47  878  115
700  75  840  47
643  71  700  75
860  444  867  454
844  529  860  444
793  544  844  529
793  544  817  586
817  586  861  684
821  723  861  684
821  723  845  753
845  753  935  749
935  749  973  686
932  610  973  686
932  610  1015  575
1015  575  1103  593
1103  593  1140  540
1140  540  1171  452
1080  412  1171  452
867  454  1080  412
907  36  939  50
907  36  918  96
918  96  963  88
963  88  1005  140
1005  140  1057  204
1048  259  1057  204
1046  304  1048  259
1046  304  1090  377
1090  377  1169  416
1165  58  1169  416
1138  21  1165  58
939  50  1138  21
980  639  980  639
980  639  1023  616
1023  616  1090  624
1090  624  1149  575
1149  575  1157  763
959  768  1157  763
959  768  1010  685
980  639  1010  685
20  26  20  26
17  295  20  26
17  295  130  295
89  122  130  295
89  122  376  70
376  70  380  31
20  26  380  31
